Phase Info [04-026-3611] Hydrotalcite ● Mg0.75Al0.25(CO3)0.125(OH)2(H2...
Name: Hydrotalcite
Formula: Mg0.75Al0.25(CO3)0.125(OH)2(H2O)0.5

Powder Pattern (QM(I): Indexed, Calculated)
Radiation: CuKα1
λ: 1.5406 Å
Filter: 
Calibration: 
2θ: 147.268°
Lines: 57
RIR: 3.48
Reference: Zhitova E.S., Krivovichev S.V., Pekov I., Greenwell H.C., Mineral. Mag., v83 p269,280 (2019)

Unit Cell Data (Single Crystal)
Crystal System: Hexagonal
S.G: R-3m (166)
Z: 3
P.S: hR7
Lattice Constants: 3.0617, 3.0617, 23.2030 (Å) <90.00°, 90.00°, 120.00°>
Volume: 188.36
Density: 1.997
Mwt: 75.50
F(30): 401.5 (0.0020,38/0)
Reference: Zhitova E.S., Krivovichev S.V., Pekov I., Greenwell H.C., Mineral. Mag., v83 p269,280 (2019)

LPF Collection Code: 1247186. Polymorphism: Polytype 3R. Calculated Pattern Original Remarks: LPF Editor Comment: short interatomic distances for partly occupied sites. LPF Editor Comment: refined composition differs from nominal composition. Sample Source or Locality: Specimen from Komsomol`skii mine, Norilsk, Krasnoyarsk Krai, Russian Federation. Structures: Polytype structure: 3R. Temperature of Data Collection: 120 K (-153°C). Minor Warning: Minor warning from the LPF Editor exist. LPF Editor comment on unusual interatomic distance exist. Wyckoff Sequence: g c3 a. LPF Prototype Structure: ( Ni0.75 Al0.25 ) ( C O3 )0.125 ( O H )2 ( H2 O )0.5,hR33,166

#	Angle	d(Å)	I%(f)	( h k l)	θ(°)	1/(2d)	2π/d
1	11.4316	7.73433	100.0	( 0 0 3)	5.7158	0.06465	0.81238
2	22.9790	3.86717	22.8	( 0 0 6)	11.4895	0.12929	1.62475
3	34.0036	2.63437	0.8	( 1 0 1)	17.0018	0.18980	2.38508
4	34.6754	2.58486	19.4	( 0 1 2)	17.3377	0.19343	2.43076
5	39.0951	2.30221	21.1	( 0 1 5)	19.5476	0.21718	2.72920
6	46.3591	1.95698	23.2	( 0 1 8)	23.1796	0.25550	3.21065
7	46.9536	1.93358	0.4	(0,0,12)	23.4768	0.25859	3.24951
8	52.3538	1.74613	5.2	(1,0,10)	26.1769	0.28635	3.59835
9	55.6327	1.65073	4.1	(0,1,11)	27.8164	0.30290	3.80631
10	60.4214	1.53085	7.1	( 1 1 0)	30.2107	0.32662	4.10438
11	61.7200	1.50172	8.5	( 1 1 3)	30.8600	0.33295	4.18399
12	62.6973	1.48064	3.3	(1,0,13)	31.3487	0.33769	4.24356
13	65.5271	1.42338	2.2	( 1 1 6)	32.7635	0.35128	4.41427
14	66.4731	1.40540	1.3	(0,1,14)	33.2365	0.35577	4.47075
15	71.1784	1.32360	0.2	( 0 2 1)	35.5892	0.37776	4.74704
16	71.5786	1.31718	0.9	( 1 1 9)	35.7893	0.37960	4.77018
17	71.5786	1.31718	0.9	( 2 0 2)	35.7893	0.37960	4.77018
18	73.3912	1.28906	0.6	(0,0,18)	36.6956	0.38788	4.87424
19	74.3529	1.27475	2.5	( 2 0 5)	37.1764	0.39223	4.92896
20	74.5189	1.27232	3.1	(1,0,16)	37.2595	0.39298	4.93837
21	77.4779	1.23095	0.2	( 0 2 7)	38.7389	0.40619	5.10434
22	79.4117	1.20576	1.9	( 2 0 8)	39.7058	0.41468	5.21098
23	79.8508	1.20023	0.1	(1,1,12)	39.9254	0.41659	5.23498
24	84.0070	1.15111	0.5	(0,2,10)	42.0035	0.43436	5.45837
25	86.6690	1.12246	1.1	(2,0,11)	43.3345	0.44545	5.59769
26	87.9664	1.10922	0.7	(1,0,19)	43.9832	0.45077	5.66451
27	88.3996	1.10490	0.2	(0,0,21)	44.1998	0.45253	5.68666
28	90.1340	1.08809	0.2	(1,1,15)	45.0670	0.45952	5.77451
29	92.7334	1.06428	1.0	(0,2,13)	46.3667	0.46980	5.90370
30	96.1543	1.03528	0.2	(2,0,14)	48.0772	0.48296	6.06907
31	100.5895	1.00124	0.2	( 2 1 1)	50.2948	0.49938	6.27540
32	100.9748	0.99846	0.5	( 1 2 2)	50.4874	0.50077	6.29289
33	102.7414	0.98604	0.7	(1,1,18)	51.3707	0.50708	6.37215
34	103.6898	0.97959	1.8	( 1 2 5)	51.8449	0.51042	6.41407
35	103.6898	0.97959	1.8	(1,0,22)	51.8449	0.51042	6.41407
36	103.8546	0.97849	0.9	(0,2,16)	51.9273	0.51099	6.42132
37	105.6424	0.96679	0.3	(0,0,24)	52.8212	0.51717	6.49900
38	106.8320	0.95929	0.2	( 2 1 7)	53.4160	0.52122	6.54982
39	108.1918	0.95098	0.1	(2,0,17)	54.0959	0.52577	6.60705
40	108.8221	0.94722	1.2	( 1 2 8)	54.4111	0.52786	6.63326
41	113.7021	0.92003	0.4	(2,1,10)	56.8510	0.54346	6.82934
42	116.6329	0.90521	1.1	(1,2,11)	58.3165	0.55236	6.94117
43	118.0928	0.89822	0.5	(0,2,19)	59.0464	0.55666	6.99519
44	118.5840	0.89592	1.0	(1,1,21)	59.2920	0.55809	7.01311
45	121.2751	0.88384	0.6	( 3 0 0)	60.6375	0.56572	7.10899
46	122.6146	0.87812	1.0	( 0 3 3)	61.3073	0.56940	7.15525
47	123.6469	0.87385	1.1	(2,1,13)	61.8234	0.57218	7.19024
48	126.7625	0.86162	0.4	( 3 0 6)	63.3813	0.58030	7.29229
49	127.3643	0.85937	0.1	(0,0,27)	63.6822	0.58182	7.31139
50	127.8495	0.85758	0.2	(1,2,14)	63.9247	0.58303	7.32663
51	131.2121	0.84580	0.3	(0,1,26)	65.6061	0.59115	7.42867
52	134.2421	0.83607	0.1	( 0 3 9)	67.1211	0.59804	7.51514
53	137.9038	0.82536	0.1	(0,2,22)	68.9519	0.60579	7.61262
54	138.2315	0.82446	0.9	(2,1,16)	69.1158	0.60646	7.62097
55	140.8974	0.81743	1.0	(1,1,24)	70.4487	0.61168	7.68655
56	144.9428	0.80780	0.1	(1,2,17)	72.4714	0.61896	7.77811
57	147.2682	0.80282	0.1	(2,0,23)	73.6341	0.62280	7.82636

♣ λ(2θ) = 1.54059Å (Cu)
